1 -31.7402  -40.2199  -4.77763  -21.0266  -60.5225  -39.2483  -29.6367  -10.4075  -21.2517  -10.151  -56.5171  -4.78382  -19.1143  -30.3401  -60.7262  -39.7483  -10.8782  -6.57302  
1 -31.7402  -33.0377  -33.4434  -15.77  -45.3919  -37.613  -33.3413  -31.2226  -10.6259  -10.151  -46.4247  -33.4867  -14.3357  -22.7551  -58.1959  -44.7169  -32.6347  -3.28651  
1 -10.5801  -34.4742  -42.9986  -36.7966  -20.1742  -31.0716  -30.8716  -20.8151  -85.007  -3.38368  -48.4432  -43.0544  -33.45  -10.1134  -48.0749  -41.4045  -21.7565  -26.2921  
1 -52.9003  -37.347  -38.221  -57.8232  -35.3048  -24.5302  -27.167  -10.4075  -42.5035  -16.9184  -52.4801  -38.2706  -52.5643  -17.6984  -37.9539  -36.436  -10.8782  -13.146  
1 -52.9003  -37.347  -28.6658  -57.8232  -50.4354  -29.4362  -24.6973  -31.2226  -6.12792e-020  -16.9184  -52.4801  -28.7029  -52.5643  -25.2834  -45.5446  -33.1236  -32.6347  -4.47553e-019  
1 -42.3202  -34.4742  -38.221  -36.7966  -30.2613  -32.7069  -30.8716  -31.2226  -21.2517  -13.5347  -48.4432  -38.2706  -33.45  -15.1701  -50.6051  -41.4045  -32.6347  -6.57302  
1 -31.7402  -31.6013  -38.221  -21.0266  -15.1306  -35.9776  -30.8716  -52.0377  -74.3811  -10.151  -44.4063  -38.2706  -19.1143  -7.58503  -55.6657  -41.4045  -54.3911  -23.0056  
1 -10.5801  -31.6013  -42.9986  -26.2833  -60.5225  -31.0716  -30.8716  -31.2226  -31.8776  -3.38368  -44.4063  -43.0544  -23.8929  -30.3401  -48.0749  -41.4045  -32.6347  -9.85953  
1 -42.3202  -35.9106  -33.4434  -42.0532  -30.2613  -32.7069  -28.4019  -31.2226  -31.8776  -13.5347  -50.4617  -33.4867  -38.2286  -15.1701  -50.6051  -38.0921  -32.6347  -9.85953  
1 -31.7402  -34.4742  -33.4434  -15.77  -20.1742  -39.2483  -33.3413  -31.2226  -42.5035  -10.151  -48.4432  -33.4867  -14.3357  -10.1134  -60.7262  -44.7169  -32.6347  -13.146  
1 -42.3202  -33.0377  -23.8881  -26.2833  -35.3048  -35.9776  -28.4019  -41.6301  -63.7552  -13.5347  -46.4247  -23.9191  -23.8929  -17.6984  -55.6657  -38.0921  -43.5129  -19.7191  
1 -31.7402  -40.2199  -28.6658  -47.3099  -30.2613  -32.7069  -29.6367  -20.8151  -10.6259  -10.151  -56.5171  -28.7029  -43.0071  -15.1701  -50.6051  -39.7483  -21.7565  -3.28651  
1 -42.3202  -34.4742  -19.1105  -26.2833  -35.3048  -40.8836  -27.167  -62.4452  -21.2517  -13.5347  -48.4432  -19.1353  -23.8929  -17.6984  -63.2564  -36.436  -65.2694  -6.57302  
1 -31.7402  -35.9106  -33.4434  -31.5399  -15.1306  -34.3423  -30.8716  -31.2226  -63.7552  -10.151  -50.4617  -33.4867  -28.6714  -7.58503  -53.1354  -41.4045  -32.6347  -19.7191  
1 -21.1601  -31.6013  -38.221  -21.0266  -75.6532  -31.0716  -30.8716  -20.8151  -21.2517  -6.76735  -44.4063  -38.2706  -19.1143  -37.9252  -48.0749  -41.4045  -21.7565  -6.57302  
1 -31.7402  -35.9106  -23.8881  -15.77  -20.1742  -42.519  -32.1065  -52.0377  -21.2517  -10.151  -50.4617  -23.9191  -14.3357  -10.1134  -65.7867  -43.0607  -54.3911  -6.57302  
1 -31.7402  -41.6563  -28.6658  -57.8232  -45.3919  -27.8009  -28.4019  -3.66872e-024  -10.6259  -10.151  -58.5355  -28.7029  -52.5643  -22.7551  -43.0144  -38.0921  -5.23725e-025  -3.28651  
1 -10.5801  -27.292  -47.7763  -31.5399  -65.5661  -29.4362  -27.167  -62.4452  -42.5035  -3.38368  -38.3509  -47.8382  -28.6714  -32.8685  -45.5446  -36.436  -65.2694  -13.146  
1 -21.1601  -31.6013  -38.221  -47.3099  -30.2613  -32.7069  -25.9321  -72.8527  -42.5035  -6.76735  -44.4063  -38.2706  -43.0071  -15.1701  -50.6051  -34.7798  -76.1476  -13.146  
1 -31.7402  -34.4742  -52.5539  -26.2833  -20.1742  -32.7069  -35.8111  -10.4075  -21.2517  -10.151  -48.4432  -52.622  -23.8929  -10.1134  -50.6051  -48.0292  -10.8782  -6.57302  
1 -42.3202  -38.7834  -28.6658  -31.5399  -20.1742  -35.9776  -32.1065  -20.8151  -21.2517  -13.5347  -54.4986  -28.7029  -28.6714  -10.1134  -55.6657  -43.0607  -21.7565  -6.57302  
1 -42.3202  -25.8556  -47.7763  -15.77  -20.1742  -35.9776  -29.6367  -83.2603  -63.7552  -13.5347  -36.3324  -47.8382  -14.3357  -10.1134  -55.6657  -39.7483  -87.0258  -19.7191  
1 -31.7402  -35.9106  -23.8881  -31.5399  -35.3048  -35.9776  -28.4019  -41.6301  -42.5035  -10.151  -50.4617  -23.9191  -28.6714  -17.6984  -55.6657  -38.0921  -43.5129  -13.146  
1 -31.7402  -31.6013  -57.3315  -36.7966  -25.2177  -29.4362  -32.1065  -31.2226  -31.8776  -10.151  -44.4063  -57.4058  -33.45  -12.6417  -45.5446  -43.0607  -32.6347  -9.85953  
1 -21.1601  -35.9106  -28.6658  -31.5399  -45.3919  -34.3423  -29.6367  -31.2226  -31.8776  -6.76735  -50.4617  -28.7029  -28.6714  -22.7551  -53.1354  -39.7483  -32.6347  -9.85953  
1 -95.2205  -33.0377  -38.221  -57.8232  -25.2177  -24.5302  -24.6973  -31.2226  -53.1294  -30.4531  -46.4247  -38.2706  -52.5643  -12.6417  -37.9539  -33.1236  -32.6347  -16.4326  
1 -52.9003  -34.4742  -42.9986  -26.2833  -25.2177  -32.7069  -34.5762  -10.4075  -21.2517  -16.9184  -48.4432  -43.0544  -23.8929  -12.6417  -50.6051  -46.373  -10.8782  -6.57302  
1 -84.6405  -35.9106  -33.4434  -36.7966  -25.2177  -29.4362  -29.6367  -10.4075  -42.5035  -27.0694  -50.4617  -33.4867  -33.45  -12.6417  -45.5446  -39.7483  -10.8782  -13.146  
1 -52.9003  -34.4742  -42.9986  -36.7966  -40.3483  -31.0716  -30.8716  -20.8151  -4.02567e-021  -16.9184  -48.4432  -43.0544  -33.45  -20.2268  -48.0749  -41.4045  -21.7565  -7.54672e-021  
1 -31.7402  -35.9106  -23.8881  -21.0266  -25.2177  -39.2483  -30.8716  -41.6301  -42.5035  -10.151  -50.4617  -23.9191  -19.1143  -12.6417  -60.7262  -41.4045  -43.5129  -13.146  
1 -63.4804  -34.4742  -42.9986  -26.2833  -25.2177  -31.0716  -33.3413  -10.4075  -31.8776  -20.3021  -48.4432  -43.0544  -23.8929  -12.6417  -48.0749  -44.7169  -10.8782  -9.85953  
1 -42.3202  -34.4742  -52.5539  -31.5399  -20.1742  -31.0716  -34.5762  -20.8151  -10.6259  -13.5347  -48.4432  -52.622  -28.6714  -10.1134  -48.0749  -46.373  -21.7565  -3.28651  
1 -31.7402  -33.0377  -38.221  -42.0532  -45.3919  -31.0716  -27.167  -41.6301  -31.8776  -10.151  -46.4247  -38.2706  -38.2286  -22.7551  -48.0749  -36.436  -43.5129  -9.85953  
1 -42.3202  -38.7834  -33.4434  -52.5665  -20.1742  -31.0716  -28.4019  -20.8151  -31.8776  -13.5347  -54.4986  -33.4867  -47.7857  -10.1134  -48.0749  -38.0921  -21.7565  -9.85953  
1 -1.57829e-018  -37.347  -38.221  -52.5665  -60.5225  -27.8009  -28.4019  -20.8151  -10.6259  -8.62534e-017  -52.4801  -38.2706  -47.7857  -30.3401  -43.0144  -38.0921  -21.7565  -3.28651  
1 -42.3202  -34.4742  -33.4434  -31.5399  -20.1742  -37.613  -29.6367  -52.0377  -21.2517  -13.5347  -48.4432  -33.4867  -28.6714  -10.1134  -58.1959  -39.7483  -54.3911  -6.57302  
1 -74.0604  -33.0377  -38.221  -21.0266  -10.0871  -37.613  -32.1065  -41.6301  -21.2517  -23.6857  -46.4247  -38.2706  -19.1143  -5.05669  -58.1959  -43.0607  -43.5129  -6.57302  
1 -21.1601  -30.1649  -57.3315  -21.0266  -40.3483  -29.4362  -35.8111  -10.4075  -42.5035  -6.76735  -42.3878  -57.4058  -19.1143  -20.2268  -45.5446  -48.0292  -10.8782  -13.146  
1 -21.1601  -37.347  -28.6658  -31.5399  -40.3483  -32.7069  -32.1065  -6.50142e-019  -53.1294  -6.76735  -52.4801  -28.7029  -28.6714  -20.2268  -50.6051  -43.0607  -3.0605e-019  -16.4326  
1 -52.9003  -31.6013  -47.7763  -31.5399  -35.3048  -31.0716  -32.1065  -31.2226  -10.6259  -16.9184  -44.4063  -47.8382  -28.6714  -17.6984  -48.0749  -43.0607  -32.6347  -3.28651  
1 -63.4804  -33.0377  -47.7763  -36.7966  -15.1306  -32.7069  -30.8716  -41.6301  -10.6259  -20.3021  -46.4247  -47.8382  -33.45  -7.58503  -50.6051  -41.4045  -43.5129  -3.28651  
1 -10.5801  -35.9106  -42.9986  -15.77  -15.1306  -39.2483  -38.2808  -20.8151  -10.6259  -3.38368  -50.4617  -43.0544  -14.3357  -7.58503  -60.7262  -51.3416  -21.7565  -3.28651  
1 -52.9003  -33.0377  -33.4434  -31.5399  -45.3919  -32.7069  -28.4019  -41.6301  -21.2517  -16.9184  -46.4247  -33.4867  -28.6714  -22.7551  -50.6051  -38.0921  -43.5129  -6.57302  
1 -10.5801  -33.0377  -47.7763  -36.7966  -50.4354  -31.0716  -30.8716  -31.2226  -10.6259  -3.38368  -46.4247  -47.8382  -33.45  -25.2834  -48.0749  -41.4045  -32.6347  -3.28651  
1 -42.3202  -35.9106  -19.1105  -26.2833  -35.3048  -37.613  -29.6367  -31.2226  -42.5035  -13.5347  -50.4617  -19.1353  -23.8929  -17.6984  -58.1959  -39.7483  -32.6347  -13.146  
1 -42.3202  -34.4742  -52.5539  -52.5665  -25.2177  -26.1655  -29.6367  -31.2226  -21.2517  -13.5347  -48.4432  -52.622  -47.7857  -12.6417  -40.4841  -39.7483  -32.6347  -6.57302  
1 -21.1601  -35.9106  -28.6658  -21.0266  -35.3048  -35.9776  -32.1065  -20.8151  -53.1294  -6.76735  -50.4617  -28.7029  -19.1143  -17.6984  -55.6657  -43.0607  -21.7565  -16.4326  
1 -31.7402  -33.0377  -38.221  -36.7966  -30.2613  -31.0716  -28.4019  -41.6301  -63.7552  -10.151  -46.4247  -38.2706  -33.45  -15.1701  -48.0749  -38.0921  -43.5129  -19.7191  
1 -10.5801  -37.347  -62.1091  -57.8232  -10.0871  -27.8009  -33.3413  -20.8151  -1.16194e-028  -3.38368  -52.4801  -62.1897  -52.5643  -5.05669  -43.0144  -44.7169  -21.7565  -1.17011e-028  
1 -21.1601  -40.2199  -33.4434  -42.0532  -30.2613  -32.7069  -32.1065  -2.88745e-027  -21.2517  -6.76735  -56.5171  -33.4867  -38.2286  -15.1701  -50.6051  -43.0607  -9.94549e-027  -6.57302  
1 -52.9003  -31.6013  -47.7763  -15.77  -30.2613  -32.7069  -34.5762  -20.8151  -31.8776  -16.9184  -44.4063  -47.8382  -14.3357  -15.1701  -50.6051  -46.373  -21.7565  -9.85953  
1 -10.5801  -38.7834  -19.1105  -26.2833  -25.2177  -39.2483  -30.8716  -20.8151  -63.7552  -3.38368  -54.4986  -19.1353  -23.8929  -12.6417  -60.7262  -41.4045  -21.7565  -19.7191  
1 -31.7402  -33.0377  -23.8881  -15.77  -65.5661  -37.613  -29.6367  -31.2226  -21.2517  -10.151  -46.4247  -23.9191  -14.3357  -32.8685  -58.1959  -39.7483  -32.6347  -6.57302  
1 -63.4804  -35.9106  -42.9986  -31.5399  -10.0871  -31.0716  -33.3413  -10.4075  -42.5035  -20.3021  -50.4617  -43.0544  -28.6714  -5.05669  -48.0749  -44.7169  -10.8782  -13.146  
1 -52.9003  -34.4742  -42.9986  -26.2833  -30.2613  -31.0716  -33.3413  -10.4075  -31.8776  -16.9184  -48.4432  -43.0544  -23.8929  -15.1701  -48.0749  -44.7169  -10.8782  -9.85953  
1 -21.1601  -33.0377  -38.221  -10.5133  -30.2613  -37.613  -34.5762  -20.8151  -53.1294  -6.76735  -46.4247  -38.2706  -9.55714  -15.1701  -58.1959  -46.373  -21.7565  -16.4326  
1 -42.3202  -38.7834  -33.4434  -63.0798  -15.1306  -29.4362  -27.167  -31.2226  -31.8776  -13.5347  -54.4986  -33.4867  -57.3429  -7.58503  -45.5446  -36.436  -32.6347  -9.85953  
1 -21.1601  -41.6563  -14.3329  -52.5665  -30.2613  -35.9776  -25.9321  -31.2226  -31.8776  -6.76735  -58.5355  -14.3515  -47.7857  -15.1701  -55.6657  -34.7798  -32.6347  -9.85953  
1 -42.3202  -40.2199  -19.1105  -78.8498  -20.1742  -31.0716  -20.9927  -62.4452  -21.2517  -13.5347  -56.5171  -19.1353  -71.6786  -10.1134  -48.0749  -28.1551  -65.2694  -6.57302  
1 -52.9003  -35.9106  -38.221  -47.3099  -25.2177  -29.4362  -29.6367  -20.8151  -31.8776  -16.9184  -50.4617  -38.2706  -43.0071  -12.6417  -45.5446  -39.7483  -21.7565  -9.85953  
1 -42.3202  -38.7834  -19.1105  -21.0266  -20.1742  -42.519  -32.1065  -31.2226  -10.6259  -13.5347  -54.4986  -19.1353  -19.1143  -10.1134  -65.7867  -43.0607  -32.6347  -3.28651  
1 -31.7402  -34.4742  -47.7763  -36.7966  -15.1306  -29.4362  -32.1065  -20.8151  -63.7552  -10.151  -48.4432  -47.8382  -33.45  -7.58503  -45.5446  -43.0607  -21.7565  -19.7191  
1 -63.4804  -31.6013  -42.9986  -10.5133  -30.2613  -34.3423  -35.8111  -10.4075  -31.8776  -20.3021  -44.4063  -43.0544  -9.55714  -15.1701  -53.1354  -48.0292  -10.8782  -9.85953  
1 -52.9003  -38.7834  -33.4434  -52.5665  -20.1742  -31.0716  -28.4019  -31.2226  -10.6259  -16.9184  -54.4986  -33.4867  -47.7857  -10.1134  -48.0749  -38.0921  -32.6347  -3.28651  
1 -74.0604  -38.7834  -23.8881  -52.5665  -20.1742  -29.4362  -25.9321  -20.8151  -53.1294  -23.6857  -54.4986  -23.9191  -47.7857  -10.1134  -45.5446  -34.7798  -21.7565  -16.4326  
1 -52.9003  -28.7285  -47.7763  -21.0266  -45.3919  -31.0716  -30.8716  -41.6301  -31.8776  -16.9184  -40.3693  -47.8382  -19.1143  -22.7551  -48.0749  -41.4045  -43.5129  -9.85953  
1 -31.7402  -34.4742  -28.6658  -31.5399  -35.3048  -34.3423  -29.6367  -31.2226  -53.1294  -10.151  -48.4432  -28.7029  -28.6714  -17.6984  -53.1354  -39.7483  -32.6347  -16.4326  
1 -21.1601  -34.4742  -38.221  -52.5665  -35.3048  -31.0716  -27.167  -52.0377  -21.2517  -6.76735  -48.4432  -38.2706  -47.7857  -17.6984  -48.0749  -36.436  -54.3911  -6.57302  
1 -21.1601  -43.0927  -14.3329  -63.0798  -45.3919  -32.7069  -24.6973  -20.8151  -10.6259  -6.76735  -60.554  -14.3515  -57.3429  -22.7551  -50.6051  -33.1236  -21.7565  -3.28651  
1 -31.7402  -35.9106  -42.9986  -47.3099  -20.1742  -29.4362  -30.8716  -20.8151  -42.5035  -10.151  -50.4617  -43.0544  -43.0071  -10.1134  -45.5446  -41.4045  -21.7565  -13.146  
1 -31.7402  -35.9106  -28.6658  -47.3099  -30.2613  -34.3423  -25.9321  -52.0377  -31.8776  -10.151  -50.4617  -28.7029  -43.0071  -15.1701  -53.1354  -34.7798  -54.3911  -9.85953  
1 -42.3202  -31.6013  -38.221  -21.0266  -45.3919  -34.3423  -32.1065  -31.2226  -21.2517  -13.5347  -44.4063  -38.2706  -19.1143  -22.7551  -53.1354  -43.0607  -32.6347  -6.57302  
1 -42.3202  -35.9106  -33.4434  -26.2833  -30.2613  -34.3423  -32.1065  -10.4075  -42.5035  -13.5347  -50.4617  -33.4867  -23.8929  -15.1701  -53.1354  -43.0607  -10.8782  -13.146  
1 -21.1601  -31.6013  -57.3315  -26.2833  -10.0871  -31.0716  -34.5762  -31.2226  -63.7552  -6.76735  -44.4063  -57.4058  -23.8929  -5.05669  -48.0749  -46.373  -32.6347  -19.7191  
1 -21.1601  -33.0377  -33.4434  -15.77  -40.3483  -35.9776  -32.1065  -20.8151  -63.7552  -6.76735  -46.4247  -33.4867  -14.3357  -20.2268  -55.6657  -43.0607  -21.7565  -19.7191  
1 -42.3202  -40.2199  -19.1105  -36.7966  -30.2613  -37.613  -29.6367  -20.8151  -10.6259  -13.5347  -56.5171  -19.1353  -33.45  -15.1701  -58.1959  -39.7483  -21.7565  -3.28651  
1 -84.6405  -35.9106  -33.4434  -42.0532  -40.3483  -27.8009  -29.6367  3.03863e-015  -21.2517  -27.0694  -50.4617  -33.4867  -38.2286  -20.2268  -43.0144  -39.7483  1.77168e-015  -6.57302  
1 -10.5801  -35.9106  -19.1105  -26.2833  -50.4354  -39.2483  -29.6367  -41.6301  -21.2517  -3.38368  -50.4617  -19.1353  -23.8929  -25.2834  -60.7262  -39.7483  -43.5129  -6.57302  
1 -10.5801  -35.9106  -28.6658  -10.5133  -45.3919  -37.613  -34.5762  -10.4075  -42.5035  -3.38368  -50.4617  -28.7029  -9.55714  -22.7551  -58.1959  -46.373  -10.8782  -13.146  
1 -10.5801  -34.4742  -33.4434  -15.77  -55.479  -35.9776  -33.3413  -20.8151  -21.2517  -3.38368  -48.4432  -33.4867  -14.3357  -27.8118  -55.6657  -44.7169  -21.7565  -6.57302  
1 -21.1601  -30.1649  -33.4434  -21.0266  -35.3048  -40.8836  -28.4019  -83.2603  -21.2517  -6.76735  -42.3878  -33.4867  -19.1143  -17.6984  -63.2564  -38.0921  -87.0258  -6.57302  
1 -21.1601  -38.7834  -33.4434  -36.7966  -50.4354  -31.0716  -32.1065  -2.55759e-024  -10.6259  -6.76735  -54.4986  -33.4867  -33.45  -25.2834  -48.0749  -43.0607  -1.79155e-024  -3.28651  
1 -31.7402  -30.1649  -23.8881  -21.0266  -50.4354  -40.8836  -27.167  -83.2603  -10.6259  -10.151  -42.3878  -23.9191  -19.1143  -25.2834  -63.2564  -36.436  -87.0258  -3.28651  
1 -10.5801  -33.0377  -47.7763  -42.0532  -45.3919  -31.0716  -30.8716  -41.6301  -1.41178e-026  -3.38368  -46.4247  -47.8382  -38.2286  -22.7551  -48.0749  -41.4045  -43.5129  -3.13526e-026  
1 -31.7402  -33.0377  -38.221  -31.5399  -35.3048  -32.7069  -30.8716  -31.2226  -42.5035  -10.151  -46.4247  -38.2706  -28.6714  -17.6984  -50.6051  -41.4045  -32.6347  -13.146  
1 -21.1601  -35.9106  -28.6658  -42.0532  -30.2613  -35.9776  -28.4019  -52.0377  -21.2517  -6.76735  -50.4617  -28.7029  -38.2286  -15.1701  -55.6657  -38.0921  -54.3911  -6.57302  
1 -21.1601  -35.9106  -28.6658  -26.2833  -20.1742  -39.2483  -32.1065  -41.6301  -31.8776  -6.76735  -50.4617  -28.7029  -23.8929  -10.1134  -60.7262  -43.0607  -43.5129  -9.85953  
1 -31.7402  -35.9106  -38.221  -47.3099  -45.3919  -29.4362  -28.4019  -20.8151  -21.2517  -10.151  -50.4617  -38.2706  -43.0071  -22.7551  -45.5446  -38.0921  -21.7565  -6.57302  
1 -42.3202  -30.1649  -19.1105  -10.5133  -25.2177  -44.1543  -27.167  -93.6678  -53.1294  -13.5347  -42.3878  -19.1353  -9.55714  -12.6417  -68.3169  -36.436  -97.9041  -16.4326  
1 -21.1601  -35.9106  -19.1105  -21.0266  -45.3919  -40.8836  -29.6367  -41.6301  -21.2517  -6.76735  -50.4617  -19.1353  -19.1143  -22.7551  -63.2564  -39.7483  -43.5129  -6.57302  
1 -63.4804  -38.7834  -23.8881  -42.0532  -45.3919  -31.0716  -28.4019  -10.4075  -10.6259  -20.3021  -54.4986  -23.9191  -38.2286  -22.7551  -48.0749  -38.0921  -10.8782  -3.28651  
1 -21.1601  -35.9106  -28.6658  -47.3099  -35.3048  -35.9776  -25.9321  -62.4452  -10.6259  -6.76735  -50.4617  -28.7029  -43.0071  -17.6984  -55.6657  -34.7798  -65.2694  -3.28651  
1 -52.9003  -33.0377  -47.7763  -26.2833  -30.2613  -31.0716  -33.3413  -20.8151  -21.2517  -16.9184  -46.4247  -47.8382  -23.8929  -15.1701  -48.0749  -44.7169  -21.7565  -6.57302  
1 -42.3202  -33.0377  -52.5539  -31.5399  -30.2613  -29.4362  -33.3413  -10.4075  -31.8776  -13.5347  -46.4247  -52.622  -28.6714  -15.1701  -45.5446  -44.7169  -10.8782  -9.85953  
1 -7.83891e-020  -34.4742  -19.1105  -42.0532  -65.5661  -34.3423  -23.4624  -52.0377  -53.1294  -2.61627e-018  -48.4432  -19.1353  -38.2286  -32.8685  -53.1354  -31.4674  -54.3911  -16.4326  
1 -10.5801  -33.0377  -57.3315  -36.7966  -20.1742  -31.0716  -34.5762  -31.2226  -21.2517  -3.38368  -46.4247  -57.4058  -33.45  -10.1134  -48.0749  -46.373  -32.6347  -6.57302  
1 -2.53235e-019  -34.4742  -42.9986  -21.0266  -45.3919  -35.9776  -34.5762  -20.8151  -10.6259  -1.38241e-017  -48.4432  -43.0544  -19.1143  -22.7551  -55.6657  -46.373  -21.7565  -3.28651  
1 -63.4804  -34.4742  -23.8881  -26.2833  -45.3919  -34.3423  -29.6367  -20.8151  -31.8776  -20.3021  -48.4432  -23.9191  -23.8929  -22.7551  -53.1354  -39.7483  -21.7565  -9.85953  
1 -21.1601  -41.6563  -19.1105  -47.3099  -40.3483  -34.3423  -29.6367  -10.4075  -10.6259  -6.76735  -58.5355  -19.1353  -43.0071  -20.2268  -53.1354  -39.7483  -10.8782  -3.28651  
1 -21.1601  -35.9106  -38.221  -26.2833  -30.2613  -35.9776  -33.3413  -20.8151  -21.2517  -6.76735  -50.4617  -38.2706  -23.8929  -15.1701  -55.6657  -44.7169  -21.7565  -6.57302  
2 -74.0604  -25.8556  -28.6658  -31.5399  -70.6096  -21.2595  -22.2275  -10.4075  -170.014  -23.6857  -36.3324  -28.7029  -28.6714  -35.3968  -32.8933  -29.8112  -10.8782  -52.5842  
2 -148.121  -21.5463  -33.4434  -31.5399  -95.8273  -16.3535  -18.523  -20.8151  -116.885  -47.3715  -30.277  -33.4867  -28.6714  -48.0385  -25.3026  -24.8427  -21.7565  -36.1516  
2 -179.861  -22.9828  -28.6658  -26.2833  -85.7402  -17.9888  -19.7578  -10.4075  -106.259  -57.5225  -32.2955  -28.7029  -23.8929  -42.9819  -27.8328  -26.4989  -10.8782  -32.8651  
2 -52.9003  -28.7285  -28.6658  -26.2833  -60.5225  -27.8009  -24.6973  -31.2226  -116.885  -16.9184  -40.3693  -28.7029  -23.8929  -30.3401  -43.0144  -33.1236  -32.6347  -36.1516  
2 -190.441  -24.4192  -47.7763  -52.5665  -50.4354  -16.3535  -19.7578  -41.6301  -42.5035  -60.9062  -34.3139  -47.8382  -47.7857  -25.2834  -25.3026  -26.4989  -43.5129  -13.146  
2 -116.381  -30.1649  -19.1105  -47.3099  -65.5661  -24.5302  -18.523  -31.2226  -85.007  -37.2205  -42.3878  -19.1353  -43.0071  -32.8685  -37.9539  -24.8427  -32.6347  -26.2921  
2 -74.0604  -31.6013  -23.8881  -52.5665  -75.6532  -19.6241  -20.9927  4.14478e-014  -116.885  -23.6857  -44.4063  -23.9191  -47.7857  -37.9252  -30.3631  -28.1551  1.80352e-014  -36.1516  
2 -126.961  -21.5463  -47.7763  -42.0532  -70.6096  -16.3535  -20.9927  -31.2226  -106.259  -40.6041  -30.277  -47.8382  -38.2286  -35.3968  -25.3026  -28.1551  -32.6347  -32.8651  
2 -84.6405  -20.1099  -28.6658  -31.5399  -105.914  -21.2595  -17.2881  -52.0377  -127.51  -27.0694  -28.2585  -28.7029  -28.6714  -53.0952  -32.8933  -23.1865  -54.3911  -39.4381  
2 -63.4804  -15.8007  -62.1091  -36.7966  -80.6967  -19.6241  -20.9927  -83.2603  -95.6329  -20.3021  -22.2031  -62.1897  -33.45  -40.4535  -30.3631  -28.1551  -87.0258  -29.5786  
2 -116.381  -27.292  -42.9986  -36.7966  -45.3919  -21.2595  -24.6973  -20.8151  -95.6329  -37.2205  -38.3509  -43.0544  -33.45  -22.7551  -32.8933  -33.1236  -21.7565  -29.5786  
2 -137.541  -27.292  -42.9986  -42.0532  -45.3919  -22.8948  -23.4624  -31.2226  -53.1294  -43.9878  -38.3509  -43.0544  -38.2286  -22.7551  -35.4236  -31.4674  -32.6347  -16.4326  
2 -105.801  -24.4192  -33.4434  -26.2833  -85.7402  -22.8948  -23.4624  -20.8151  -85.007  -33.8368  -34.3139  -33.4867  -23.8929  -42.9819  -35.4236  -31.4674  -21.7565  -26.2921  
2 -105.801  -27.292  -23.8881  -42.0532  -90.7838  -21.2595  -19.7578  -20.8151  -85.007  -33.8368  -38.3509  -23.9191  -38.2286  -45.5102  -32.8933  -26.4989  -21.7565  -26.2921  
2 -148.121  -27.292  -23.8881  -31.5399  -55.479  -24.5302  -22.2275  -20.8151  -95.6329  -47.3715  -38.3509  -23.9191  -28.6714  -27.8118  -37.9539  -29.8112  -21.7565  -29.5786  
2 -137.541  -25.8556  -23.8881  -26.2833  -80.6967  -21.2595  -20.9927  -10.4075  -116.885  -43.9878  -36.3324  -23.9191  -23.8929  -40.4535  -32.8933  -28.1551  -10.8782  -36.1516  
2 -95.2205  -27.292  -52.5539  -42.0532  -45.3919  -21.2595  -25.9321  -20.8151  -74.3811  -30.4531  -38.3509  -52.622  -38.2286  -22.7551  -32.8933  -34.7798  -21.7565  -23.0056  
2 -63.4804  -27.292  -33.4434  -42.0532  -45.3919  -24.5302  -20.9927  -52.0377  -138.136  -20.3021  -38.3509  -33.4867  -38.2286  -22.7551  -37.9539  -28.1551  -54.3911  -42.7246  
2 -84.6405  -25.8556  -42.9986  -21.0266  -70.6096  -22.8948  -27.167  -10.4075  -95.6329  -27.0694  -36.3324  -43.0544  -19.1143  -35.3968  -35.4236  -36.436  -10.8782  -29.5786  
2 -95.2205  -20.1099  -38.221  -15.77  -65.5661  -22.8948  -22.2275  -41.6301  -170.014  -30.4531  -28.2585  -38.2706  -14.3357  -32.8685  -35.4236  -29.8112  -43.5129  -52.5842  
2 -105.801  -21.5463  -62.1091  -31.5399  -60.5225  -17.9888  -25.9321  -20.8151  -95.6329  -33.8368  -30.277  -62.1897  -28.6714  -30.3401  -27.8328  -34.7798  -21.7565  -29.5786  
2 -105.801  -27.292  -38.221  -36.7966  -95.8273  -19.6241  -23.4624  -10.4075  -42.5035  -33.8368  -38.3509  -38.2706  -33.45  -48.0385  -30.3631  -31.4674  -10.8782  -13.146  
2 -148.121  -21.5463  -38.221  -21.0266  -85.7402  -17.9888  -23.4624  -7.37797e-016  -116.885  -47.3715  -30.277  -38.2706  -19.1143  -42.9819  -27.8328  -31.4674  -9.73612e-016  -36.1516  
2 -105.801  -25.8556  -47.7763  -57.8232  -60.5225  -16.3535  -20.9927  -31.2226  -85.007  -33.8368  -36.3324  -47.8382  -52.5643  -30.3401  -25.3026  -28.1551  -32.6347  -26.2921  
2 -169.281  -25.8556  -33.4434  -36.7966  -70.6096  -21.2595  -22.2275  -20.8151  -42.5035  -54.1388  -36.3324  -33.4867  -33.45  -35.3968  -32.8933  -29.8112  -21.7565  -13.146  
2 -137.541  -24.4192  -38.221  -10.5133  -45.3919  -27.8009  -28.4019  -20.8151  -85.007  -43.9878  -34.3139  -38.2706  -9.55714  -22.7551  -43.0144  -38.0921  -21.7565  -26.2921  
2 -95.2205  -28.7285  -33.4434  -52.5665  -65.5661  -22.8948  -19.7578  -52.0377  -53.1294  -30.4531  -40.3693  -33.4867  -47.7857  -32.8685  -35.4236  -26.4989  -54.3911  -16.4326  
2 -137.541  -25.8556  -28.6658  -21.0266  -50.4354  -26.1655  -23.4624  -20.8151  -116.885  -43.9878  -36.3324  -28.7029  -19.1143  -25.2834  -40.4841  -31.4674  -21.7565  -36.1516  
2 -126.961  -24.4192  -33.4434  -31.5399  -80.6967  -22.8948  -22.2275  -31.2226  -63.7552  -40.6041  -34.3139  -33.4867  -28.6714  -40.4535  -35.4236  -29.8112  -32.6347  -19.7191  
2 -52.9003  -25.8556  -38.221  -36.7966  -95.8273  -22.8948  -22.2275  -31.2226  -74.3811  -16.9184  -36.3324  -38.2706  -33.45  -48.0385  -35.4236  -29.8112  -32.6347  -23.0056  
2 -105.801  -20.1099  -62.1091  -15.77  -35.3048  -19.6241  -29.6367  -10.4075  -159.388  -33.8368  -28.2585  -62.1897  -14.3357  -17.6984  -30.3631  -39.7483  -10.8782  -49.2977  
2 -158.701  -21.5463  -42.9986  -31.5399  -55.479  -17.9888  -22.2275  -20.8151  -127.51  -50.7552  -30.277  -43.0544  -28.6714  -27.8118  -27.8328  -29.8112  -21.7565  -39.4381  
2 -63.4804  -25.8556  -33.4434  -36.7966  -55.479  -27.8009  -22.2275  -62.4452  -95.6329  -20.3021  -36.3324  -33.4867  -33.45  -27.8118  -43.0144  -29.8112  -65.2694  -29.5786  
2 -126.961  -24.4192  -62.1091  -31.5399  -35.3048  -19.6241  -28.4019  -20.8151  -74.3811  -40.6041  -34.3139  -62.1897  -28.6714  -17.6984  -30.3631  -38.0921  -21.7565  -23.0056  
2 -137.541  -22.9828  -47.7763  -26.2833  -80.6967  -21.2595  -24.6973  -20.8151  -42.5035  -43.9878  -32.2955  -47.8382  -23.8929  -40.4535  -32.8933  -33.1236  -21.7565  -13.146  
2 -201.021  -24.4192  -38.221  -42.0532  -75.6532  -16.3535  -19.7578  -10.4075  -53.1294  -64.2899  -34.3139  -38.2706  -38.2286  -37.9252  -25.3026  -26.4989  -10.8782  -16.4326  
2 -126.961  -28.7285  -28.6658  -47.3099  -85.7402  -19.6241  -19.7578  -20.8151  -53.1294  -40.6041  -40.3693  -28.7029  -43.0071  -42.9819  -30.3631  -26.4989  -21.7565  -16.4326  
2 -42.3202  -25.8556  -28.6658  -21.0266  -65.5661  -29.4362  -23.4624  -52.0377  -127.51  -13.5347  -36.3324  -28.7029  -19.1143  -32.8685  -45.5446  -31.4674  -54.3911  -39.4381  
2 -126.961  -21.5463  -57.3315  -36.7966  -30.2613  -21.2595  -23.4624  -52.0377  -106.259  -40.6041  -30.277  -57.4058  -33.45  -15.1701  -32.8933  -31.4674  -54.3911  -32.8651  
2 -137.541  -27.292  -38.221  -36.7966  -80.6967  -19.6241  -23.4624  -10.4075  -42.5035  -43.9878  -38.3509  -38.2706  -33.45  -40.4535  -30.3631  -31.4674  -10.8782  -13.146  
2 -74.0604  -15.8007  -42.9986  -26.2833  -110.958  -19.6241  -18.523  -62.4452  -127.51  -23.6857  -22.2031  -43.0544  -23.8929  -55.6236  -30.3631  -24.8427  -65.2694  -39.4381  
2 -116.381  -21.5463  -38.221  -21.0266  -65.5661  -22.8948  -22.2275  -31.2226  -138.136  -37.2205  -30.277  -38.2706  -19.1143  -32.8685  -35.4236  -29.8112  -32.6347  -42.7246  
2 -95.2205  -27.292  -38.221  -42.0532  -55.479  -21.2595  -22.2275  -31.2226  -106.259  -30.4531  -38.3509  -38.2706  -38.2286  -27.8118  -32.8933  -29.8112  -32.6347  -32.8651  
2 -95.2205  -28.7285  -38.221  -68.3365  -65.5661  -16.3535  -17.2881  -41.6301  -85.007  -30.4531  -40.3693  -38.2706  -62.1214  -32.8685  -25.3026  -23.1865  -43.5129  -26.2921  
2 -84.6405  -30.1649  -42.9986  -36.7966  -70.6096  -21.2595  -27.167  -5.21961e-012  -53.1294  -27.0694  -42.3878  -43.0544  -33.45  -35.3968  -32.8933  -36.436  -2.22298e-011  -16.4326  
2 -137.541  -22.9828  -38.221  -21.0266  -30.2613  -26.1655  -24.6973  -41.6301  -127.51  -43.9878  -32.2955  -38.2706  -19.1143  -15.1701  -40.4841  -33.1236  -43.5129  -39.4381  
2 -84.6405  -22.9828  -52.5539  -15.77  -85.7402  -22.8948  -28.4019  -20.8151  -53.1294  -27.0694  -32.2955  -52.622  -14.3357  -42.9819  -35.4236  -38.0921  -21.7565  -16.4326  
2 -148.121  -24.4192  -19.1105  -31.5399  -126.089  -21.2595  -18.523  -20.8151  -31.8776  -47.3715  -34.3139  -19.1353  -28.6714  -63.2086  -32.8933  -24.8427  -21.7565  -9.85953  
2 -74.0604  -30.1649  -23.8881  -42.0532  -60.5225  -24.5302  -20.9927  -31.2226  -116.885  -23.6857  -42.3878  -23.9191  -38.2286  -30.3401  -37.9539  -28.1551  -32.6347  -36.1516  
2 -84.6405  -22.9828  -57.3315  -10.5133  -20.1742  -22.8948  -30.8716  -10.4075  -180.64  -27.0694  -32.2955  -57.4058  -9.55714  -10.1134  -35.4236  -41.4045  -10.8782  -55.8707  
2 -158.701  -27.292  -47.7763  -68.3365  -60.5225  -9.81207  -18.523  -10.4075  -85.007  -50.7552  -38.3509  -47.8382  -62.1214  -30.3401  -15.1815  -24.8427  -10.8782  -26.2921  
2 -84.6405  -20.1099  -28.6658  -26.2833  -110.958  -24.5302  -17.2881  -62.4452  -95.6329  -27.0694  -28.2585  -28.7029  -23.8929  -55.6236  -37.9539  -23.1865  -65.2694  -29.5786  
2 -42.3202  -22.9828  -23.8881  -21.0266  -80.6967  -26.1655  -19.7578  -41.6301  -191.266  -13.5347  -32.2955  -23.9191  -19.1143  -40.4535  -40.4841  -26.4989  -43.5129  -59.1572  
2 -148.121  -25.8556  -23.8881  -42.0532  -65.5661  -21.2595  -17.2881  -31.2226  -116.885  -47.3715  -36.3324  -23.9191  -38.2286  -32.8685  -32.8933  -23.1865  -32.6347  -36.1516  
2 -52.9003  -30.1649  -23.8881  -36.7966  -65.5661  -29.4362  -22.2275  -41.6301  -85.007  -16.9184  -42.3878  -23.9191  -33.45  -32.8685  -45.5446  -29.8112  -43.5129  -26.2921  
2 -126.961  -27.292  -28.6658  -68.3365  -100.871  -13.0828  -14.8184  -20.8151  -74.3811  -40.6041  -38.3509  -28.7029  -62.1214  -50.5669  -20.2421  -19.8742  -21.7565  -23.0056  
2 -211.601  -18.6735  -38.221  -15.77  -75.6532  -17.9888  -20.9927  -10.4075  -116.885  -67.6735  -26.2401  -38.2706  -14.3357  -37.9252  -27.8328  -28.1551  -10.8782  -36.1516  
2 -116.381  -22.9828  -33.4434  -42.0532  -45.3919  -19.6241  -18.523  -41.6301  -180.64  -37.2205  -32.2955  -33.4867  -38.2286  -22.7551  -30.3631  -24.8427  -43.5129  -55.8707  
2 -148.121  -24.4192  -19.1105  -26.2833  -116.002  -21.2595  -19.7578  -10.4075  -63.7552  -47.3715  -34.3139  -19.1353  -23.8929  -58.1519  -32.8933  -26.4989  -10.8782  -19.7191  
2 -95.2205  -33.0377  -23.8881  -63.0798  -60.5225  -22.8948  -19.7578  -31.2226  -53.1294  -30.4531  -46.4247  -23.9191  -57.3429  -30.3401  -35.4236  -26.4989  -32.6347  -16.4326  
2 -116.381  -22.9828  -38.221  -47.3099  -80.6967  -17.9888  -18.523  -41.6301  -95.6329  -37.2205  -32.2955  -38.2706  -43.0071  -40.4535  -27.8328  -24.8427  -43.5129  -29.5786  
2 -126.961  -22.9828  -38.221  -10.5133  -50.4354  -24.5302  -25.9321  -10.4075  -148.762  -40.6041  -32.2955  -38.2706  -9.55714  -25.2834  -37.9539  -34.7798  -10.8782  -46.0111  
2 -232.761  -25.8556  -28.6658  -52.5665  -80.6967  -14.7181  -16.0532  -20.8151  -31.8776  -74.4409  -36.3324  -28.7029  -47.7857  -40.4535  -22.7723  -21.5303  -21.7565  -9.85953  
2 -95.2205  -27.292  -42.9986  -36.7966  -55.479  -24.5302  -24.6973  -31.2226  -63.7552  -30.4531  -38.3509  -43.0544  -33.45  -27.8118  -37.9539  -33.1236  -32.6347  -19.7191  
2 -116.381  -25.8556  -38.221  -42.0532  -45.3919  -24.5302  -22.2275  -52.0377  -74.3811  -37.2205  -36.3324  -38.2706  -38.2286  -22.7551  -37.9539  -29.8112  -54.3911  -23.0056  
2 -126.961  -28.7285  -23.8881  -42.0532  -45.3919  -22.8948  -20.9927  -20.8151  -127.51  -40.6041  -40.3693  -23.9191  -38.2286  -22.7551  -35.4236  -28.1551  -21.7565  -39.4381  
2 -148.121  -25.8556  -57.3315  -47.3099  -15.1306  -16.3535  -25.9321  -10.4075  -116.885  -47.3715  -36.3324  -57.4058  -43.0071  -7.58503  -25.3026  -34.7798  -10.8782  -36.1516  
2 -84.6405  -24.4192  -38.221  -26.2833  -60.5225  -21.2595  -23.4624  -10.4075  -170.014  -27.0694  -34.3139  -38.2706  -23.8929  -30.3401  -32.8933  -31.4674  -10.8782  -52.5842  
2 -74.0604  -24.4192  -42.9986  -36.7966  -85.7402  -21.2595  -22.2275  -41.6301  -74.3811  -23.6857  -34.3139  -43.0544  -33.45  -42.9819  -32.8933  -29.8112  -43.5129  -23.0056  
2 -126.961  -28.7285  -28.6658  -36.7966  -60.5225  -24.5302  -23.4624  -20.8151  -63.7552  -40.6041  -40.3693  -28.7029  -33.45  -30.3401  -37.9539  -31.4674  -21.7565  -19.7191  
2 -74.0604  -24.4192  -23.8881  -26.2833  -121.045  -22.8948  -19.7578  -20.8151  -95.6329  -23.6857  -34.3139  -23.9191  -23.8929  -60.6803  -35.4236  -26.4989  -21.7565  -29.5786  
2 -74.0604  -33.0377  -23.8881  -52.5665  -60.5225  -26.1655  -20.9927  -31.2226  -63.7552  -23.6857  -46.4247  -23.9191  -47.7857  -30.3401  -40.4841  -28.1551  -32.6347  -19.7191  
2 -137.541  -25.8556  -47.7763  -15.77  -25.2177  -26.1655  -29.6367  -20.8151  -85.007  -43.9878  -36.3324  -47.8382  -14.3357  -12.6417  -40.4841  -39.7483  -21.7565  -26.2921  
2 -137.541  -21.5463  -47.7763  -31.5399  -55.479  -17.9888  -22.2275  -20.8151  -138.136  -43.9878  -30.277  -47.8382  -28.6714  -27.8118  -27.8328  -29.8112  -21.7565  -42.7246  
2 -105.801  -33.0377  -19.1105  -42.0532  -50.4354  -27.8009  -23.4624  -20.8151  -63.7552  -33.8368  -46.4247  -19.1353  -38.2286  -25.2834  -43.0144  -31.4674  -21.7565  -19.7191  
2 -84.6405  -21.5463  -38.221  -26.2833  -70.6096  -24.5302  -20.9927  -62.4452  -116.885  -27.0694  -30.277  -38.2706  -23.8929  -35.3968  -37.9539  -28.1551  -65.2694  -36.1516  
2 -84.6405  -22.9828  -33.4434  -21.0266  -110.958  -22.8948  -22.2275  -31.2226  -74.3811  -27.0694  -32.2955  -33.4867  -19.1143  -55.6236  -35.4236  -29.8112  -32.6347  -23.0056  
2 -95.2205  -28.7285  -23.8881  -31.5399  -85.7402  -24.5302  -23.4624  -10.4075  -74.3811  -30.4531  -40.3693  -23.9191  -28.6714  -42.9819  -37.9539  -31.4674  -10.8782  -23.0056  
2 -42.3202  -28.7285  -42.9986  -31.5399  -30.2613  -29.4362  -28.4019  -41.6301  -95.6329  -13.5347  -40.3693  -43.0544  -28.6714  -15.1701  -45.5446  -38.0921  -43.5129  -29.5786  
2 -95.2205  -20.1099  -57.3315  -47.3099  -70.6096  -16.3535  -19.7578  -52.0377  -106.259  -30.4531  -28.2585  -57.4058  -43.0071  -35.3968  -25.3026  -26.4989  -54.3911  -32.8651  
2 -105.801  -30.1649  -19.1105  -47.3099  -105.914  -21.2595  -18.523  -10.4075  -53.1294  -33.8368  -42.3878  -19.1353  -43.0071  -53.0952  -32.8933  -24.8427  -10.8782  -16.4326  
2 -116.381  -27.292  -42.9986  -57.8232  -80.6967  -11.4474  -19.7578  1.28254e-007  -106.259  -37.2205  -38.3509  -43.0544  -52.5643  -40.4535  -17.7118  -26.4989  1.0007e-007  -32.8651  
2 -116.381  -28.7285  -23.8881  -26.2833  -60.5225  -26.1655  -24.6973  -10.4075  -95.6329  -37.2205  -40.3693  -23.9191  -23.8929  -30.3401  -40.4841  -33.1236  -10.8782  -29.5786  
2 -126.961  -27.292  -33.4434  -42.0532  -60.5225  -22.8948  -20.9927  -31.2226  -74.3811  -40.6041  -38.3509  -33.4867  -38.2286  -30.3401  -35.4236  -28.1551  -32.6347  -23.0056  
2 -116.381  -28.7285  -23.8881  -42.0532  -70.6096  -21.2595  -19.7578  -20.8151  -106.259  -37.2205  -40.3693  -23.9191  -38.2286  -35.3968  -32.8933  -26.4989  -21.7565  -32.8651  
2 -95.2205  -20.1099  -28.6658  -21.0266  -60.5225  -24.5302  -18.523  -62.4452  -191.266  -30.4531  -28.2585  -28.7029  -19.1143  -30.3401  -37.9539  -24.8427  -65.2694  -59.1572  
2 -74.0604  -21.5463  -38.221  -26.2833  -70.6096  -24.5302  -22.2275  -52.0377  -127.51  -23.6857  -30.277  -38.2706  -23.8929  -35.3968  -37.9539  -29.8112  -54.3911  -39.4381  
2 -126.961  -27.292  -42.9986  -36.7966  -50.4354  -21.2595  -24.6973  -20.8151  -74.3811  -40.6041  -38.3509  -43.0544  -33.45  -25.2834  -32.8933  -33.1236  -21.7565  -23.0056  
2 -126.961  -28.7285  -38.221  -52.5665  -55.479  -19.6241  -20.9927  -31.2226  -63.7552  -40.6041  -40.3693  -38.2706  -47.7857  -27.8118  -30.3631  -28.1551  -32.6347  -19.7191  
2 -126.961  -27.292  -38.221  -52.5665  -45.3919  -21.2595  -20.9927  -41.6301  -74.3811  -40.6041  -38.3509  -38.2706  -47.7857  -22.7551  -32.8933  -28.1551  -43.5129  -23.0056  
2 -105.801  -31.6013  -28.6658  -57.8232  -80.6967  -17.9888  -19.7578  -10.4075  -63.7552  -33.8368  -44.4063  -28.7029  -52.5643  -40.4535  -27.8328  -26.4989  -10.8782  -19.7191  
2 -95.2205  -34.4742  -4.77763  -36.7966  -35.3048  -29.4362  -20.9927  -20.8151  -148.762  -30.4531  -48.4432  -4.78382  -33.45  -17.6984  -45.5446  -28.1551  -21.7565  -46.0111  
2 -105.801  -28.7285  -38.221  -36.7966  -40.3483  -26.1655  -24.6973  -31.2226  -74.3811  -33.8368  -40.3693  -38.2706  -33.45  -20.2268  -40.4841  -33.1236  -32.6347  -23.0056  
2 -84.6405  -24.4192  -52.5539  -42.0532  -60.5225  -19.6241  -24.6973  -31.2226  -85.007  -27.0694  -34.3139  -52.622  -38.2286  -30.3401  -30.3631  -33.1236  -32.6347  -26.2921  
2 -116.381  -34.4742  -23.8881  -73.5931  -55.479  -19.6241  -17.2881  -31.2226  -53.1294  -37.2205  -48.4432  -23.9191  -66.9  -27.8118  -30.3631  -23.1865  -32.6347  -16.4326  
2 -116.381  -25.8556  -38.221  -42.0532  -55.479  -22.8948  -22.2275  -41.6301  -74.3811  -37.2205  -36.3324  -38.2706  -38.2286  -27.8118  -35.4236  -29.8112  -43.5129  -23.0056  
2 -116.381  -21.5463  -33.4434  -42.0532  -95.8273  -16.3535  -17.2881  -31.2226  -127.51  -37.2205  -30.277  -33.4867  -38.2286  -48.0385  -25.3026  -23.1865  -32.6347  -39.4381  
2 -179.861  -30.1649  -9.55525  -47.3099  -55.479  -24.5302  -17.2881  -31.2226  -74.3811  -57.5225  -42.3878  -9.56764  -43.0071  -27.8118  -37.9539  -23.1865  -32.6347  -23.0056  
2 -116.381  -27.292  -33.4434  -47.3099  -45.3919  -24.5302  -20.9927  -52.0377  -74.3811  -37.2205  -38.3509  -33.4867  -43.0071  -22.7551  -37.9539  -28.1551  -54.3911  -23.0056  
2 -137.541  -27.292  -52.5539  -52.5665  -50.4354  -14.7181  -23.4624  -10.4075  -74.3811  -43.9878  -38.3509  -52.622  -47.7857  -25.2834  -22.7723  -31.4674  -10.8782  -23.0056  
