0.1948296603 1.1948296603 2.1948296603 3.1948296603 4.1948296603 5.1948296603 6.1948296603 7.1948296603 
3.1144335597 4.1144335597 5.1144335597 6.1144335597 7.1144335597 8.1144335597 9.1144335597 10.1144335597 
5.8922437345 6.8922437345 7.8922437345 8.8922437345 9.8922437345 10.8922437345 11.8922437345 12.8922437345 

10.0074942982 11.0074942982 12.0074942982 13.0074942982 14.0074942982 15.0074942982 16.0074942982 17.0074942982 
12.8519880803 13.8519880803 14.8519880803 15.8519880803 16.8519880803 17.8519880803 18.8519880803 19.8519880803 
16.1896215277 17.1896215277 18.1896215277 19.1896215277 20.1896215277 21.1896215277 22.1896215277 23.1896215277 

20.0316365101 21.0316365101 22.0316365101 23.0316365101 24.0316365101 25.0316365101 26.0316365101 27.0316365101 
23.0848773501 24.0848773501 25.0848773501 26.0848773501 27.0848773501 28.0848773501 29.0848773501 30.0848773501 
26.1619527438 27.1619527438 28.1619527438 29.1619527438 30.1619527438 31.1619527438 32.1619527438 33.1619527438 



0.2238296193 1.2238296193 2.2238296193 3.2238296193 4.2238296193 5.2238296193 6.2238296193 7.2238296193 
2.8382307159 3.8382307159 4.8382307159 5.8382307159 6.8382307159 7.8382307159 8.8382307159 9.8382307159 
5.6849873118 6.6849873118 7.6849873118 8.6849873118 9.6849873118 10.6849873118 11.6849873118 12.6849873118 

9.6186296628 10.6186296628 11.6186296628 12.6186296628 13.6186296628 14.6186296628 15.6186296628 16.6186296628 
13.3808251173 14.3808251173 15.3808251173 16.3808251173 17.3808251173 18.3808251173 19.3808251173 20.3808251173 
15.7778930258 16.7778930258 17.7778930258 18.7778930258 19.7778930258 20.7778930258 21.7778930258 22.7778930258 

20.0923596964 21.0923596964 22.0923596964 23.0923596964 24.0923596964 25.0923596964 26.0923596964 27.0923596964 
22.8166980743 23.8166980743 24.8166980743 25.8166980743 26.8166980743 27.8166980743 28.8166980743 29.8166980743 
25.7781914702 26.7781914702 27.7781914702 28.7781914702 29.7781914702 30.7781914702 31.7781914702 32.7781914702 



-0.5392677090 0.4607322910 1.4607322910 2.4607322910 3.4607322910 4.4607322910 5.4607322910 6.4607322910 
2.7589595345 3.7589595345 4.7589595345 5.7589595345 6.7589595345 7.7589595345 8.7589595345 9.7589595345 
6.1535398398 7.1535398398 8.1535398398 9.1535398398 10.1535398398 11.1535398398 12.1535398398 13.1535398398 

10.5819230693 11.5819230693 12.5819230693 13.5819230693 14.5819230693 15.5819230693 16.5819230693 17.5819230693 
13.0138349458 14.0138349458 15.0138349458 16.0138349458 17.0138349458 18.0138349458 19.0138349458 20.0138349458 
15.7170706583 16.7170706583 17.7170706583 18.7170706583 19.7170706583 20.7170706583 21.7170706583 22.7170706583 

19.8598266848 20.8598266848 21.8598266848 22.8598266848 23.8598266848 24.8598266848 25.8598266848 26.8598266848 
22.9429336273 23.9429336273 24.9429336273 25.9429336273 26.9429336273 27.9429336273 28.9429336273 29.9429336273 
26.0454642957 27.0454642957 28.0454642957 29.0454642957 30.0454642957 31.0454642957 32.0454642957 33.0454642957 



0.0291187219 1.0291187219 2.0291187219 3.0291187219 4.0291187219 5.0291187219 6.0291187219 7.0291187219 
2.8329112951 3.8329112951 4.8329112951 5.8329112951 6.8329112951 7.8329112951 8.8329112951 9.8329112951 
5.4536207213 6.4536207213 7.4536207213 8.4536207213 9.4536207213 10.4536207213 11.4536207213 12.4536207213 

10.7056285378 11.7056285378 12.7056285378 13.7056285378 14.7056285378 15.7056285378 16.7056285378 17.7056285378 
13.3979196471 14.3979196471 15.3979196471 16.3979196471 17.3979196471 18.3979196471 19.3979196471 20.3979196471 
16.1210806340 17.1210806340 18.1210806340 19.1210806340 20.1210806340 21.1210806340 22.1210806340 23.1210806340 

19.3076045223 20.3076045223 21.3076045223 22.3076045223 23.3076045223 24.3076045223 25.3076045223 26.3076045223 
23.6403784192 24.6403784192 25.6403784192 26.6403784192 27.6403784192 28.6403784192 29.6403784192 30.6403784192 
25.3383954083 26.3383954083 27.3383954083 28.3383954083 29.3383954083 30.3383954083 31.3383954083 32.3383954083 



-0.6078651827 0.3921348173 1.3921348173 2.3921348173 3.3921348173 4.3921348173 5.3921348173 6.3921348173 
3.8837376208 4.8837376208 5.8837376208 6.8837376208 7.8837376208 8.8837376208 9.8837376208 10.8837376208 
5.5359649397 6.5359649397 7.5359649397 8.5359649397 9.5359649397 10.5359649397 11.5359649397 12.5359649397 

10.1849179012 11.1849179012 12.1849179012 13.1849179012 14.1849179012 15.1849179012 16.1849179012 17.1849179012 
12.2561150393 13.2561150393 14.2561150393 15.2561150393 16.2561150393 17.2561150393 18.2561150393 19.2561150393 
16.2870173593 17.2870173593 18.2870173593 19.2870173593 20.2870173593 21.2870173593 22.2870173593 23.2870173593 

19.2268617481 20.2268617481 21.2268617481 22.2268617481 23.2268617481 24.2268617481 25.2268617481 26.2268617481 
23.7058716327 24.7058716327 25.7058716327 26.7058716327 27.7058716327 28.7058716327 29.7058716327 30.7058716327 
26.2642169819 27.2642169819 28.2642169819 29.2642169819 30.2642169819 31.2642169819 32.2642169819 33.2642169819 



