0.0652661351 1.0652661351 2.0652661351 3.0652661351 4.0652661351 5.0652661351 6.0652661351 7.0652661351 
2.8810318219 3.8810318219 4.8810318219 5.8810318219 6.8810318219 7.8810318219 8.8810318219 9.8810318219 
5.8660630998 6.8660630998 7.8660630998 8.8660630998 9.8660630998 10.8660630998 11.8660630998 12.8660630998 

9.8262536779 10.8262536779 11.8262536779 12.8262536779 13.8262536779 14.8262536779 15.8262536779 16.8262536779 
13.1909212944 14.1909212944 15.1909212944 16.1909212944 17.1909212944 18.1909212944 19.1909212944 20.1909212944 
15.9637453680 16.9637453680 17.9637453680 18.9637453680 19.9637453680 20.9637453680 21.9637453680 22.9637453680 

19.8999447761 20.8999447761 21.8999447761 22.8999447761 23.8999447761 24.8999447761 25.8999447761 26.8999447761 
23.0162112860 24.0162112860 25.0162112860 26.0162112860 27.0162112860 28.0162112860 29.0162112860 30.0162112860 
26.0724171001 27.0724171001 28.0724171001 29.0724171001 30.0724171001 31.0724171001 32.0724171001 33.0724171001 



-0.3292007701 0.6707992299 1.6707992299 2.6707992299 3.6707992299 4.6707992299 5.6707992299 6.6707992299 
2.7731365948 3.7731365948 4.7731365948 5.7731365948 6.7731365948 7.7731365948 8.7731365948 9.7731365948 
6.0260795663 7.0260795663 8.0260795663 9.0260795663 10.0260795663 11.0260795663 12.0260795663 13.0260795663 

10.3559717410 11.3559717410 12.3559717410 13.3559717410 14.3559717410 15.3559717410 16.3559717410 17.3559717410 
12.7859996654 13.7859996654 14.7859996654 15.7859996654 16.7859996654 17.7859996654 18.7859996654 19.7859996654 
15.9816406137 16.9816406137 17.9816406137 18.9816406137 19.9816406137 20.9816406137 21.9816406137 22.9816406137 

19.8208031254 20.8208031254 21.8208031254 22.8208031254 23.8208031254 24.8208031254 25.8208031254 26.8208031254 
23.0179201001 24.0179201001 25.0179201001 26.0179201001 27.0179201001 28.0179201001 29.0179201001 30.0179201001 
25.8051017904 26.8051017904 27.8051017904 28.8051017904 29.8051017904 30.8051017904 31.8051017904 32.8051017904 



0.1199007606 1.1199007606 2.1199007606 3.1199007606 4.1199007606 5.1199007606 6.1199007606 7.1199007606 
3.0067524324 4.0067524324 5.0067524324 6.0067524324 7.0067524324 8.0067524324 9.0067524324 10.0067524324 
5.8090824710 6.8090824710 7.8090824710 8.8090824710 9.8090824710 10.8090824710 11.8090824710 12.8090824710 

9.5409070760 10.5409070760 11.5409070760 12.5409070760 13.5409070760 14.5409070760 15.5409070760 16.5409070760 
13.2231721130 14.2231721130 15.2231721130 16.2231721130 17.2231721130 18.2231721130 19.2231721130 20.2231721130 
16.4838009137 17.4838009137 18.4838009137 19.4838009137 20.4838009137 21.4838009137 22.4838009137 23.4838009137 

19.5016396353 20.5016396353 21.5016396353 22.5016396353 23.5016396353 24.5016396353 25.5016396353 26.5016396353 
23.1133287138 24.1133287138 25.1133287138 26.1133287138 27.1133287138 28.1133287138 29.1133287138 30.1133287138 
26.3257498080 27.3257498080 28.3257498080 29.3257498080 30.3257498080 31.3257498080 32.3257498080 33.3257498080 



0.2600448685 1.2600448685 2.2600448685 3.2600448685 4.2600448685 5.2600448685 6.2600448685 7.2600448685 
3.5306482720 4.5306482720 5.5306482720 6.5306482720 7.5306482720 8.5306482720 9.5306482720 10.5306482720 
6.6398962522 7.6398962522 8.6398962522 9.6398962522 10.6398962522 11.6398962522 12.6398962522 13.6398962522 

9.7901779669 10.7901779669 11.7901779669 12.7901779669 13.7901779669 14.7901779669 15.7901779669 16.7901779669 
13.5564486298 14.5564486298 15.5564486298 16.5564486298 17.5564486298 18.5564486298 19.5564486298 20.5564486298 
16.1225480102 17.1225480102 18.1225480102 19.1225480102 20.1225480102 21.1225480102 22.1225480102 23.1225480102 

20.5865032190 21.5865032190 22.5865032190 23.5865032190 24.5865032190 25.5865032190 26.5865032190 27.5865032190 
22.3964433010 23.3964433010 24.3964433010 25.3964433010 26.3964433010 27.3964433010 28.3964433010 29.3964433010 
25.9420577095 26.9420577095 27.9420577095 28.9420577095 29.9420577095 30.9420577095 31.9420577095 32.9420577095 



-0.8170372989 0.1829627011 1.1829627011 2.1829627011 3.1829627011 4.1829627011 5.1829627011 6.1829627011 
3.8751221056 4.8751221056 5.8751221056 6.8751221056 7.8751221056 8.8751221056 9.8751221056 10.8751221056 
5.1557731246 6.1557731246 7.1557731246 8.1557731246 9.1557731246 10.1557731246 11.1557731246 12.1557731246 

10.3588435390 11.3588435390 12.3588435390 13.3588435390 14.3588435390 15.3588435390 16.3588435390 17.3588435390 
12.1625440102 13.1625440102 14.1625440102 15.1625440102 16.1625440102 17.1625440102 18.1625440102 19.1625440102 
16.8350763869 17.8350763869 18.8350763869 19.8350763869 20.8350763869 21.8350763869 22.8350763869 23.8350763869 

19.2193531593 20.2193531593 21.2193531593 22.2193531593 23.2193531593 24.2193531593 25.2193531593 26.2193531593 
22.6989746928 23.6989746928 24.6989746928 25.6989746928 26.6989746928 27.6989746928 28.6989746928 29.6989746928 
25.9563803470 26.9563803470 27.9563803470 28.9563803470 29.9563803470 30.9563803470 31.9563803470 32.9563803470 



